453
452
425
411
391
409
411
424
407
410
427
472
458
394
473
430
426
454
385
393
382
449
457
405
409
471
463
401
470
408
476
399
429
406
428
403
412
412
427
414
412
416
478
413
450
427
468
422
402
464
478
416
474
465
412
464
415
439
389
462
396
435
452
410
409
424
462
436
360
356
411
376
366
365
338
456
454
499
396
446
413
399
382
451
424
385
403
447
445
490
402
460
388
452
460
462
460
426
397
449
398
452
416
411
436
460
426
429
457
386
392
431
409
386
448
391
443
429
451
449
494
408
433
420
400
427
423
347
462
454
459
410
421
413
513
405
457
448
476
391
448
491
418
452
417
479
499
522
457
485
434
479
415
507
485
425
460
483
442
431
471
488
481
504
482
426
479
474
472
517
438
507
423
442
477
471
482
473
458
471
473
471
468
414
444
400
476
461
474
454
471
456
469
449
454
477
467
457
467
445
451
472
467
452
465
371
438
436
391
401
420
447
445
385
395
453
380
391
406
393
418
403
418
427
443
408
421
433
456
393
397
397
402
391
404
384
419
380
391
366
397
412
426
434
371
423
425
432
379
389
379
433
362
413
446
374
430
424
427
421
386
435
392
444
385
391
435
433
418
441
422
448
435
383
448
434
369
371
424
429
372
437
380
352
367
396
386
346
400
443
342
400
